0 0 1
1.00000000 -0.00000000 0.00000000 -0.00000000
-0.00000000 1.00000000 -0.00000000 0.00000000
0.00000000 -0.00000000 1.00000000 -0.00000000
-0.00000000 0.00000000 -0.00000000 1.00000000
1 1 2
0.99999856 0.00168091 0.00021148 0.00925447
-0.00168145 0.99999530 0.00256364 0.00393184
-0.00020717 -0.00256399 0.99999669 0.00537496
0.00000000 -0.00000000 -0.00000000 1.00000000
2 2 3
0.99999856 0.00085172 0.00146797 0.00963066
-0.00085411 0.99999831 0.00162826 0.00773213
-0.00146658 -0.00162951 0.99999760 0.00890324
0.00000000 -0.00000000 -0.00000000 1.00000000
3 3 4
0.99998965 0.00274184 0.00362972 0.00843538
-0.00275355 0.99999101 0.00322433 0.00870789
-0.00362085 -0.00323429 0.99998821 0.01277688
0.00000000 -0.00000000 -0.00000000 1.00000000
4 4 5
0.99999254 0.00224799 0.00314048 0.01036401
-0.00225591 0.99999428 0.00251967 0.01136001
-0.00313480 -0.00252673 0.99999189 0.01458376
0.00000000 -0.00000000 -0.00000000 1.00000000
5 5 6
0.99999423 0.00180832 0.00287409 0.01188812
-0.00181946 0.99999083 0.00387751 0.01069649
-0.00286705 -0.00388272 0.99998835 0.01539164
0.00000000 -0.00000000 -0.00000000 1.00000000
6 6 7
0.99999180 0.00223087 0.00337960 0.01307337
-0.00224641 0.99998690 0.00460030 0.01005187
-0.00336929 -0.00460785 0.99998371 0.01667213
0.00000000 -0.00000000 -0.00000000 1.00000000
7 7 8
0.99999281 0.00108619 0.00363227 0.01352616
-0.00109605 0.99999572 0.00271214 0.01483456
-0.00362931 -0.00271610 0.99998973 0.01880652
0.00000000 -0.00000000 -0.00000000 1.00000000
8 8 9
0.99998438 0.00269875 0.00489430 0.01375353
-0.00271793 0.99998864 0.00391662 0.01481736
-0.00488368 -0.00392986 0.99998035 0.02197901
0.00000000 -0.00000000 -0.00000000 1.00000000
9 9 10
0.99998575 0.00221624 0.00485701 0.01335490
-0.00223497 0.99999008 0.00385272 0.01498384
-0.00484842 -0.00386352 0.99998078 0.02101264
0.00000000 -0.00000000 -0.00000000 1.00000000
10 10 11
0.99998670 0.00185836 0.00481120 0.01570259
-0.00187098 0.99999482 0.00262051 0.01799893
-0.00480630 -0.00262947 0.99998499 0.02281319
0.00000000 -0.00000000 -0.00000000 1.00000000
11 11 12
0.99998420 0.00207563 0.00522383 0.01507930
-0.00209584 0.99999033 0.00386635 0.01705366
-0.00521576 -0.00387724 0.99997888 0.02327997
0.00000000 -0.00000000 -0.00000000 1.00000000
12 12 13
0.99998604 0.00042721 0.00526670 0.01628698
-0.00044360 0.99999506 0.00311061 0.01881038
-0.00526535 -0.00311291 0.99998129 0.02554652
0.00000000 -0.00000000 -0.00000000 1.00000000
13 13 14
0.99998076 0.00086514 0.00614221 0.01561716
-0.00088484 0.99999447 0.00320527 0.01967442
-0.00613940 -0.00321065 0.99997600 0.02582029
0.00000000 -0.00000000 -0.00000000 1.00000000
14 14 15
0.99998041 0.00246469 0.00575392 0.01600869
-0.00249024 0.99998705 0.00443784 0.01821018
-0.00574290 -0.00445209 0.99997360 0.02550739
0.00000000 -0.00000000 -0.00000000 1.00000000
15 15 16
0.99998109 0.00344412 0.00509476 0.01882367
-0.00346882 0.99998224 0.00484644 0.01842056
-0.00507798 -0.00486402 0.99997528 0.02641226
0.00000000 -0.00000000 -0.00000000 1.00000000
16 16 17
0.99998279 0.00219726 0.00544069 0.01765540
-0.00221960 0.99998912 0.00410314 0.01856409
-0.00543162 -0.00411515 0.99997678 0.02565408
0.00000000 -0.00000000 -0.00000000 1.00000000
17 17 18
0.99997692 0.00179137 0.00655393 0.01714289
-0.00181870 0.99998967 0.00416531 0.02068363
-0.00654640 -0.00417714 0.99996985 0.02900943
0.00000000 -0.00000000 -0.00000000 1.00000000
18 18 19
0.99997393 0.00153683 0.00705484 0.01649060
-0.00156532 0.99999064 0.00403435 0.02154664
-0.00704858 -0.00404529 0.99996698 0.03007712
0.00000000 -0.00000000 -0.00000000 1.00000000
19 19 20
0.99996998 0.00046347 0.00773517 0.01649210
-0.00048277 0.99999677 0.00249423 0.02405178
-0.00773399 -0.00249789 0.99996697 0.02996857
0.00000000 -0.00000000 -0.00000000 1.00000000
20 20 21
0.99997919 -0.00056933 0.00642666 0.01810891
0.00055454 0.99999719 0.00230352 0.02444787
-0.00642796 -0.00229991 0.99997670 0.02933261
0.00000000 -0.00000000 -0.00000000 1.00000000
21 21 22
0.99997743 -0.00004658 0.00671813 0.01810056
0.00002673 0.99999564 0.00295373 0.02384669
-0.00671824 -0.00295348 0.99997307 0.02981925
0.00000000 -0.00000000 -0.00000000 1.00000000
22 22 23
0.99997783 0.00064826 0.00662736 0.01818873
-0.00067587 0.99999110 0.00416469 0.02060520
-0.00662460 -0.00416908 0.99996937 0.02861442
0.00000000 -0.00000000 -0.00000000 1.00000000
23 23 24
0.99997715 0.00098240 0.00668769 0.01732233
-0.00100333 0.99999461 0.00312701 0.02347315
-0.00668458 -0.00313365 0.99997275 0.02985114
0.00000000 -0.00000000 -0.00000000 1.00000000
24 24 25
0.99997712 0.00173999 0.00653685 0.01870442
-0.00175804 0.99999466 0.00275649 0.02508987
-0.00653202 -0.00276792 0.99997484 0.03006074
0.00000000 -0.00000000 -0.00000000 1.00000000
25 25 26
0.99997334 0.00055413 0.00728135 0.01842521
-0.00058312 0.99999191 0.00398025 0.02419842
-0.00727908 -0.00398439 0.99996557 0.03136276
0.00000000 -0.00000000 -0.00000000 1.00000000
26 26 27
0.99997234 0.00259679 0.00697011 0.01885255
-0.00261693 0.99999242 0.00288170 0.02470179
-0.00696258 -0.00289986 0.99997156 0.03047707
0.00000000 -0.00000000 -0.00000000 1.00000000
27 27 28
0.99995808 0.00485696 0.00776136 0.01722958
-0.00488838 0.99997991 0.00403481 0.02378486
-0.00774160 -0.00407258 0.99996174 0.03172845
0.00000000 -0.00000000 -0.00000000 1.00000000
28 28 29
0.99995920 0.00333835 0.00839318 0.01814626
-0.00336983 0.99998733 0.00374011 0.02528624
-0.00838059 -0.00376825 0.99995778 0.03438235
0.00000000 -0.00000000 -0.00000000 1.00000000
29 29 30
0.99996050 0.00087627 0.00884536 0.01682602
-0.00091981 0.99998747 0.00492040 0.02437249
-0.00884094 -0.00492834 0.99994877 0.03590861
0.00000000 -0.00000000 -0.00000000 1.00000000
30 30 31
0.99997215 0.00143820 0.00732351 0.02031702
-0.00147540 0.99998603 0.00507642 0.02344746
-0.00731611 -0.00508709 0.99996030 0.03355452
0.00000000 -0.00000000 -0.00000000 1.00000000
31 31 32
0.99994963 0.00722538 0.00696596 0.00933194
-0.00728100 0.99994155 0.00799223 0.02558942
-0.00690781 -0.00804255 0.99994380 0.03669631
0.00000000 -0.00000000 -0.00000000 1.00000000
32 32 33
0.99996560 0.00294737 0.00775355 0.01849600
-0.00298839 0.99998157 0.00528405 0.02365791
-0.00773783 -0.00530704 0.99995598 0.03450776
0.00000000 -0.00000000 -0.00000000 1.00000000
33 33 34
0.99995028 0.00519368 0.00851305 0.01452620
-0.00523773 0.99997297 0.00516037 0.02264588
-0.00848602 -0.00520470 0.99995045 0.03539556
0.00000000 -0.00000000 -0.00000000 1.00000000
34 34 35
0.99996052 0.00315186 0.00830753 0.01893236
-0.00318272 0.99998807 0.00370447 0.02488139
-0.00829576 -0.00373077 0.99995863 0.03530522
0.00000000 -0.00000000 -0.00000000 1.00000000
35 35 36
0.99913343 -0.04159768 0.00141840 0.03119321
0.04156624 0.99897988 0.01764770 0.00267292
-0.00215106 -0.01757345 0.99984326 0.04270517
0.00000000 -0.00000000 -0.00000000 1.00000000
36 36 37
0.99991178 -0.01298557 0.00279416 0.07983907
0.01282687 0.99862564 0.05081646 -0.06675634
-0.00345020 -0.05077614 0.99870410 0.06618367
0.00000000 -0.00000000 -0.00000000 1.00000000
37 37 38
0.99991730 0.00320443 -0.01245454 0.20429116
-0.00080826 0.98220329 0.18781920 -0.18393494
0.01283474 -0.18779360 0.98212465 0.15883553
-0.00000000 -0.00000000 -0.00000000 1.00000000
38 38 39
0.99972630 -0.01238378 -0.01984858 0.30490877
0.01784362 0.95232071 0.30457655 -0.30160171
0.01513040 -0.30484736 0.95228103 0.25047015
-0.00000000 -0.00000000 -0.00000000 1.00000000
39 39 40
0.99908661 -0.01593992 -0.03964685 0.39462540
0.02894421 0.93499777 0.35347050 -0.36151529
0.03143542 -0.35429519 0.93460512 0.27546588
-0.00000000 -0.00000000 -0.00000000 1.00000000
40 40 41
0.99897559 -0.03710743 -0.02589990 0.40031468
0.04399625 0.93034643 0.36403277 -0.35460783
0.01058756 -0.36479935 0.93102596 0.28003023
-0.00000000 -0.00000000 -0.00000000 1.00000000
41 41 42
0.99841340 -0.05298559 -0.01905788 0.41271982
0.05625287 0.92348369 0.37949109 -0.37224764
-0.00250792 -0.37996105 0.92499909 0.30237278
-0.00000000 0.00000000 -0.00000000 1.00000000
42 42 43
0.99812738 -0.06000754 -0.01186732 0.40860477
0.05996921 0.92169778 0.38324521 -0.36918765
-0.01205952 -0.38323921 0.92357040 0.30471883
-0.00000000 0.00000000 -0.00000000 1.00000000
43 43 44
0.99775412 -0.06549402 -0.01404431 0.42200254
0.06582289 0.91982927 0.38675762 -0.36720926
-0.01241194 -0.38681345 0.92207445 0.30505978
-0.00000000 0.00000000 -0.00000000 1.00000000
44 44 45
0.99795048 -0.06272311 -0.01267468 0.42551215
0.06255627 0.91454266 0.39962286 -0.36422287
-0.01347406 -0.39959671 0.91659201 0.31608277
-0.00000000 0.00000000 -0.00000000 1.00000000
45 45 46
0.99764968 -0.06764581 -0.01091587 0.42612770
0.06622170 0.91093908 0.40719120 -0.36778086
-0.01760109 -0.40695704 0.91327770 0.32263296
-0.00000000 0.00000000 -0.00000000 1.00000000
46 46 47
0.99758843 -0.06908562 -0.00667153 0.42914279
0.06582180 0.91118399 0.40670778 -0.35871804
-0.02201867 -0.40616611 0.91353395 0.32453133
-0.00000000 0.00000000 -0.00000000 1.00000000
47 47 48
0.99790468 -0.06450205 -0.00507211 0.43494719
0.06094151 0.91069263 0.40856465 -0.36228340
-0.02173413 -0.40801768 0.91271529 0.32787374
-0.00000000 0.00000000 -0.00000000 1.00000000
48 48 49
0.99773881 -0.06679668 -0.00744758 0.43531363
0.06393527 0.90910208 0.41163781 -0.36467865
-0.02072542 -0.41118318 0.91131710 0.32886185
-0.00000000 0.00000000 -0.00000000 1.00000000
49 49 50
0.99770654 -0.06724928 -0.00769415 0.44238223
0.06439582 0.90800926 0.41397146 -0.36539319
-0.02085293 -0.41351750 0.91025734 0.32915587
-0.00000000 0.00000000 -0.00000000 1.00000000
50 50 51
0.99735471 -0.07257680 -0.00402441 0.44575726
0.06787464 0.91006547 0.40886901 -0.36657060
-0.02601192 -0.40806058 0.91258421 0.32454803
-0.00000000 0.00000000 -0.00000000 1.00000000
51 51 52
0.99786515 -0.06515732 0.00443510 0.43664956
0.05781801 0.91296035 0.40393127 -0.46338624
-0.03036815 -0.40281251 0.91477858 0.33157451
0.00000000 -0.00000000 -0.00000000 1.00000000
52 52 53
0.99715589 -0.05848517 0.04753540 0.39031552
0.03326521 0.90749967 0.41873354 -0.47062237
-0.06762806 -0.41596134 0.90686416 0.34224973
0.00000000 -0.00000000 -0.00000000 1.00000000
53 53 54
0.99393000 -0.07837009 0.07720932 0.36629044
0.04608476 0.93386416 0.35464621 -0.34038278
-0.09989667 -0.34893534 0.93180727 0.30091334
0.00000000 -0.00000000 -0.00000000 1.00000000
54 54 55
0.99302726 -0.07400784 0.09175890 0.35637993
0.04026771 0.94450901 0.32600805 -0.27803288
-0.11079426 -0.32003996 0.94090332 0.27286495
0.00000000 -0.00000000 -0.00000000 1.00000000
55 55 56
0.99219171 -0.06889048 0.10396980 0.34254952
0.03426107 0.95208819 0.30389844 -0.23134690
-0.11992412 -0.29796339 0.94701427 0.25285461
0.00000000 -0.00000000 -0.00000000 1.00000000
56 56 57
0.99395687 -0.04932621 0.09806457 0.36148838
0.01584053 0.94845526 0.31651494 -0.21919907
-0.10862233 -0.31304880 0.94350497 0.25427146
0.00000000 -0.00000000 -0.00000000 1.00000000
57 57 58
0.99368245 -0.05458970 0.09805689 0.37659577
0.01962917 0.94479767 0.32706583 -0.20549946
-0.11049835 -0.32307480 0.93990041 0.26328882
0.00000000 -0.00000000 -0.00000000 1.00000000
58 58 59
0.99383528 -0.05098612 0.09844722 0.38180544
0.01467352 0.94065791 0.33903890 -0.21136086
-0.10989144 -0.33550425 0.93560717 0.27416351
0.00000000 -0.00000000 -0.00000000 1.00000000
59 59 60
0.99391530 -0.05022245 0.09803100 0.39591382
0.01336021 0.93839855 0.34529648 -0.19653183
-0.10933379 -0.34188574 0.93335966 0.27699374
0.00000000 -0.00000000 -0.00000000 1.00000000
60 60 61
0.99367527 -0.05375960 0.09858686 0.40374502
0.01605722 0.93695541 0.34907984 -0.18906638
-0.11113788 -0.34528897 0.93189264 0.28022570
0.00000000 -0.00000000 -0.00000000 1.00000000
61 61 62
0.99364261 -0.05338075 0.09912039 0.39879118
0.01540107 0.93661573 0.35001969 -0.19067250
-0.11152203 -0.34626792 0.93148342 0.28116337
0.00000000 -0.00000000 -0.00000000 1.00000000
62 62 63
0.99404093 -0.04603612 0.09880947 0.40051342
0.00788630 0.93444254 0.35602661 -0.18574866
-0.10872186 -0.35312578 0.92923718 0.28767538
0.00000000 -0.00000000 -0.00000000 1.00000000
63 63 64
0.99418416 -0.04652134 0.09712687 0.41296747
0.00825416 0.93214699 0.36198598 -0.17578339
-0.10737659 -0.35907903 0.92710977 0.28922056
0.00000000 -0.00000000 -0.00000000 1.00000000
64 64 65
0.99414084 -0.04137713 0.09985955 0.40440263
0.00249520 0.93237235 0.36149078 -0.17000001
-0.10806374 -0.35912357 0.92701267 0.29058766
0.00000000 -0.00000000 -0.00000000 1.00000000
65 65 66
0.99432091 -0.03405831 0.10082639 0.40815214
-0.00631304 0.92686396 0.37534431 -0.15795224
-0.10623595 -0.37384921 0.92138520 0.29772316
0.00000000 -0.00000000 -0.00000000 1.00000000
66 66 67
0.99374460 -0.03883907 0.10470527 0.39579689
-0.00347054 0.92638242 0.37656816 -0.15049428
-0.11162267 -0.37457596 0.92045273 0.30166023
0.00000000 -0.00000000 -0.00000000 1.00000000
67 67 68
0.99380480 -0.04025257 0.10359413 0.39955772
-0.00230088 0.92445669 0.38128012 -0.14780085
-0.11111579 -0.37915637 0.91863688 0.30293711
0.00000000 -0.00000000 -0.00000000 1.00000000
68 68 69
0.99377442 -0.03754809 0.10489302 0.40081508
-0.00516132 0.92496942 0.38000649 -0.13555126
-0.11129136 -0.37818211 0.91901715 0.30220935
0.00000000 -0.00000000 -0.00000000 1.00000000
69 69 70
0.99345207 -0.03623781 0.10835036 0.40354732
-0.00750920 0.92560377 0.37841944 -0.12800849
-0.11400259 -0.37675520 0.91927087 0.30144406
0.00000000 -0.00000000 -0.00000000 1.00000000
70 70 71
0.99332614 -0.03605077 0.10956055 0.39608688
-0.00735585 0.92816258 0.37210229 -0.13024379
-0.11510458 -0.37042484 0.92170297 0.30060112
0.00000000 -0.00000000 -0.00000000 1.00000000
71 71 72
0.99342405 -0.02679459 0.11131352 0.37202117
-0.01585713 0.93066063 0.36553980 -0.12242690
-0.11338960 -0.36490115 0.92411577 0.30210031
0.00000000 -0.00000000 -0.00000000 1.00000000
72 72 73
0.99358060 -0.00968442 0.11271112 0.35101511
-0.03086140 0.93533362 0.35241821 -0.06493402
-0.10883547 -0.35363432 0.92903047 0.27626617
0.00000000 -0.00000000 -0.00000000 1.00000000
73 73 74
0.99223517 -0.00772248 0.12413596 0.33663599
-0.03650263 0.93603781 0.35000110 0.03032372
-0.11889882 -0.35181469 0.92848775 0.28037967
0.00000000 -0.00000000 -0.00000000 1.00000000
74 74 75
0.99308191 0.00622750 0.11725846 0.33032768
-0.04809019 0.93257612 0.35775567 0.06608872
-0.10712452 -0.36091966 0.92642395 0.25137271
0.00000000 -0.00000000 -0.00000000 1.00000000
75 75 76
0.99156064 0.01298041 0.12899224 0.30208627
-0.05944801 0.92972763 0.36341775 0.14829826
-0.11521034 -0.36801908 0.92265299 0.25582739
0.00000000 -0.00000000 -0.00000000 1.00000000
76 76 77
0.99288605 0.03430818 0.11401859 0.30697028
-0.07510141 0.92353010 0.37610096 0.18287190
-0.09239626 -0.38198835 0.91953675 0.23206830
0.00000000 -0.00000000 -0.00000000 1.00000000
77 77 78
0.99223256 0.05156152 0.11320756 0.28020627
-0.08918495 0.92928772 0.35842765 0.25420931
-0.08672131 -0.36574000 0.92666805 0.20011376
0.00000000 -0.00000000 -0.00000000 1.00000000
78 78 79
0.99209403 0.06110813 0.10961398 0.23860994
-0.09477697 0.93735031 0.33524876 0.32183647
-0.08226027 -0.34298718 0.93573129 0.17125840
0.00000000 -0.00000000 -0.00000000 1.00000000
79 79 80
0.99245116 0.06001378 0.10695346 0.25476278
-0.09208120 0.94065786 0.32662493 0.37778189
-0.08100461 -0.33400769 0.93908313 0.15234748
0.00000000 -0.00000000 -0.00000000 1.00000000
80 80 81
0.99263438 0.05865007 0.10600549 0.23926162
-0.08852681 0.94848907 0.30418990 0.44332498
-0.08270429 -0.31133368 0.94669496 0.11903305
0.00000000 -0.00000000 -0.00000000 1.00000000
81 81 82
0.99343478 0.05002940 0.10288055 0.25908687
-0.07936407 0.94909679 0.30482230 0.48275586
-0.08239352 -0.31098609 0.94683629 0.11191428
0.00000000 -0.00000000 -0.00000000 1.00000000
82 82 83
0.99457042 0.03620236 0.09756567 0.27081135
-0.06247469 0.95750475 0.28156982 0.50074548
-0.08322610 -0.28613640 0.95456764 0.09579653
0.00000000 -0.00000000 -0.00000000 1.00000000
83 83 84
0.99461692 0.02677896 0.10010027 0.26635222
-0.05156999 0.96581984 0.25403261 0.51658548
-0.08987610 -0.25782730 0.96200175 0.08344829
0.00000000 -0.00000000 -0.00000000 1.00000000
84 84 85
0.99417460 0.02888493 0.10383898 0.26683049
-0.05415463 0.96684954 0.24953806 0.54189655
-0.09318878 -0.25370776 0.96278150 0.07234671
0.00000000 -0.00000000 -0.00000000 1.00000000
85 85 86
0.99451344 0.02275993 0.10210294 0.27230953
-0.04672594 0.96991449 0.23891960 0.55970101
-0.09359333 -0.24237961 0.96565647 0.07025149
0.00000000 -0.00000000 -0.00000000 1.00000000
86 86 87
0.99377655 0.03009923 0.10724832 0.26111840
-0.05062540 0.97966286 0.19415906 0.56504429
-0.09922315 -0.19838021 0.97508977 0.04780051
0.00000000 -0.00000000 -0.00000000 1.00000000
87 87 88
0.99316031 0.03596974 0.11108006 0.25696603
-0.05107103 0.98935703 0.13625132 0.56939196
-0.10499691 -0.14099237 0.98442714 0.02205339
0.00000000 -0.00000000 -0.00000000 1.00000000
88 88 89
0.99468663 0.01206475 0.10223963 0.25383136
-0.02083460 0.99615038 0.08514893 0.54100126
-0.10081875 -0.08682662 0.99110883 -0.01637927
0.00000000 -0.00000000 -0.00000000 1.00000000
89 89 90
0.99412747 0.00385657 0.10814664 0.25595917
-0.00687996 0.99959545 0.02759721 0.57445415
-0.10799646 -0.02817919 0.99375183 -0.04136626
0.00000000 -0.00000000 -0.00000000 1.00000000
90 90 91
0.99246962 0.05267302 0.11058759 0.22926229
-0.05663715 0.99784884 0.03301399 0.58489107
-0.10861075 -0.03902875 0.99331791 -0.03280414
0.00000000 -0.00000000 -0.00000000 1.00000000
91 91 92
0.99113505 0.07062023 0.11253489 0.20837096
-0.07534969 0.99641992 0.03833752 0.59147390
-0.10942460 -0.04647713 0.99290792 -0.02517038
0.00000000 -0.00000000 -0.00000000 1.00000000
92 92 93
0.99065257 0.07318823 0.11511282 0.20739496
-0.07773900 0.99633981 0.03554766 0.58890440
-0.11208982 -0.04416414 0.99271617 -0.02392582
0.00000000 -0.00000000 -0.00000000 1.00000000
93 93 94
0.99025337 0.07255310 0.11888783 0.20062106
-0.07766957 0.99621695 0.03897733 0.58737316
-0.11561015 -0.04783140 0.99214235 -0.01785653
0.00000000 -0.00000000 -0.00000000 1.00000000
94 94 95
0.99046197 0.07271446 0.11703716 0.20424784
-0.07776400 0.99620214 0.03916692 0.58765122
-0.11374467 -0.04789462 0.99235490 -0.01966975
0.00000000 -0.00000000 -0.00000000 1.00000000
95 95 96
0.99037341 0.07507633 0.11629300 0.20313491
-0.08003429 0.99604597 0.03856080 0.58827932
-0.11293817 -0.04749702 0.99246612 -0.01949984
0.00000000 -0.00000000 -0.00000000 1.00000000
96 96 97
0.98846360 0.07799302 0.12983375 0.23424753
-0.08441397 0.99542759 0.04470121 0.58297237
-0.12575372 -0.05514530 0.99052764 -0.00897724
0.00000000 -0.00000000 -0.00000000 1.00000000
97 97 98
0.98940277 0.07446869 0.12464577 0.37121989
-0.07803570 0.99666220 0.02397681 0.60657740
-0.12244421 -0.03344954 0.99191156 -0.05430947
0.00000000 -0.00000000 -0.00000000 1.00000000
98 98 99
0.98526692 0.07248598 0.15490281 0.44811008
-0.07490861 0.99714173 0.00985253 0.62155741
-0.15374589 -0.02131093 0.98788058 -0.05516782
0.00000000 -0.00000000 -0.00000000 1.00000000
99 99 100
0.98325360 0.06658309 0.16964391 0.51886387
-0.06560207 0.99778088 -0.01138772 0.64200121
-0.17002568 0.00006803 0.98543963 -0.09006418
-0.00000000 -0.00000000 -0.00000000 1.00000000
100 100 101
0.97719570 0.07939313 0.19693981 0.54485125
-0.07807260 0.99684262 -0.01447264 0.64682971
-0.19746702 -0.00123300 0.98030875 -0.08337544
0.00000000 -0.00000000 -0.00000000 1.00000000
101 101 102
0.97274460 0.07312664 0.22004643 0.56751771
-0.07432245 0.99723019 -0.00285093 0.64464625
-0.21964542 -0.01358116 0.97548523 -0.05394097
0.00000000 -0.00000000 -0.00000000 1.00000000
102 102 103
0.97257374 0.07513795 0.22012406 0.59368484
-0.07718749 0.99701634 0.00071216 0.64064783
-0.21941377 -0.01768345 0.97547163 -0.05144804
0.00000000 -0.00000000 -0.00000000 1.00000000
103 103 104
0.97136974 0.07711268 0.22470972 0.60504464
-0.08008832 0.99677916 0.00414338 0.63675839
-0.22366646 -0.02202138 0.97441694 -0.04166158
0.00000000 -0.00000000 -0.00000000 1.00000000
104 104 105
0.97144328 0.07846340 0.22392287 0.60762746
-0.08119645 0.99669358 0.00300894 0.63706146
-0.22294640 -0.02110475 0.97460222 -0.04552009
0.00000000 -0.00000000 -0.00000000 1.00000000
105 105 106
0.97136418 0.07631695 0.22500523 0.60976011
-0.07969776 0.99680121 0.00596749 0.63510881
-0.22383006 -0.02372902 0.97433928 -0.04117879
0.00000000 -0.00000000 -0.00000000 1.00000000
106 106 107
0.97047580 0.07644649 0.22876332 0.60896587
-0.08024335 0.99674837 0.00732772 0.63514548
-0.22745929 -0.02546811 0.97345449 -0.03316002
0.00000000 -0.00000000 -0.00000000 1.00000000
107 107 108
0.97126651 0.07659803 0.22533112 0.60736740
-0.07968019 0.99680986 0.00460222 0.63725148
-0.22425976 -0.02242440 0.97427137 -0.03855492
0.00000000 -0.00000000 -0.00000000 1.00000000
108 108 109
0.97100067 0.07465906 0.22712052 0.61160789
-0.07785322 0.99695166 0.00512528 0.63736935
-0.22604553 -0.02265871 0.97385317 -0.03922487
0.00000000 -0.00000000 -0.00000000 1.00000000
109 109 110
0.96919556 0.07920586 0.23320891 0.60220606
-0.08356752 0.99646268 0.00886578 0.63442043
-0.23168175 -0.02808137 0.97238624 -0.02749490
0.00000000 -0.00000000 -0.00000000 1.00000000
110 110 111
0.97021964 0.07747666 0.22950209 0.60882451
-0.08112288 0.99668304 0.00648073 0.63832045
-0.22823873 -0.02490560 0.97328659 -0.03074983
0.00000000 -0.00000000 -0.00000000 1.00000000
111 111 112
0.96981326 0.07356003 0.23248905 0.60412750
-0.07890115 0.99678768 0.01374537 0.63130147
-0.23073111 -0.03167409 0.97250188 -0.02234206
0.00000000 -0.00000000 -0.00000000 1.00000000
112 112 113
0.96985571 0.07502026 0.23184446 0.60054885
-0.07988732 0.99673568 0.01166217 0.63343286
-0.23021275 -0.02983206 0.97268296 -0.02490572
0.00000000 -0.00000000 -0.00000000 1.00000000
113 113 114
0.97452772 0.07199385 0.21239731 0.56710419
-0.07783481 0.99678027 0.01925698 0.62455825
-0.21032706 -0.03529836 0.97699363 -0.02183733
0.00000000 -0.00000000 -0.00000000 1.00000000
114 114 115
0.98238498 0.06306635 0.17590449 0.53855410
-0.06894528 0.99724118 0.02750608 0.62210107
-0.17368449 -0.03914935 0.98402288 -0.01172637
0.00000000 -0.00000000 -0.00000000 1.00000000
115 115 116
0.98985767 0.11585085 0.08222146 0.64799241
-0.11671129 0.99314941 0.00572072 0.65130423
-0.08099545 -0.01525887 0.99659766 -0.09723267
0.00000000 -0.00000000 -0.00000000 1.00000000
116 116 117
0.98599726 0.13490143 0.09803574 0.63926671
-0.13425208 0.99085902 -0.01322083 0.65916056
-0.09892311 -0.00012580 0.99509507 -0.12695722
0.00000000 -0.00000000 -0.00000000 1.00000000
117 117 118
0.98828622 0.13032654 0.07940615 0.67477374
-0.12918142 0.99143093 -0.01941341 0.67121177
-0.08125579 0.00892820 0.99665329 -0.13574187
-0.00000000 -0.00000000 -0.00000000 1.00000000
118 118 119
0.98811846 0.12930878 0.08307312 0.66848732
-0.12942886 0.99158080 -0.00396103 0.65865257
-0.08288590 -0.00683809 0.99653558 -0.11474661
0.00000000 -0.00000000 -0.00000000 1.00000000
119 119 120
0.98713003 0.13317512 0.08853634 0.66951325
-0.13277967 0.99109135 -0.01036760 0.66668476
-0.08912831 -0.00152166 0.99601899 -0.11606302
0.00000000 -0.00000000 -0.00000000 1.00000000
120 120 121
0.98756517 0.12952862 0.08909197 0.67222627
-0.12936093 0.99156785 -0.00767819 0.66421272
-0.08933528 -0.00394230 0.99599381 -0.11276293
0.00000000 -0.00000000 -0.00000000 1.00000000
121 121 122
0.98786123 0.12830784 0.08756304 0.67403059
-0.12816235 0.99172630 -0.00730490 0.66400494
-0.08777585 -0.00400606 0.99613220 -0.11460021
0.00000000 -0.00000000 -0.00000000 1.00000000
122 122 123
0.98775691 0.12982643 0.08649500 0.67663111
-0.12968858 0.99152838 -0.00723502 0.66549843
-0.08670155 -0.00407097 0.99622601 -0.11256283
0.00000000 -0.00000000 -0.00000000 1.00000000
123 123 124
0.98860196 0.12551612 0.08313764 0.68058127
-0.12528499 0.99208844 -0.00801212 0.66477663
-0.08348554 -0.00249510 0.99650586 -0.11654359
0.00000000 -0.00000000 -0.00000000 1.00000000
124 124 125
0.98810589 0.12838490 0.08464080 0.68125409
-0.12816587 0.99172016 -0.00803921 0.66492826
-0.08497210 -0.00290447 0.99637910 -0.11279335
0.00000000 -0.00000000 -0.00000000 1.00000000
125 125 126
0.98787741 0.12871165 0.08678446 0.68017636
-0.12851398 0.99167636 -0.00788435 0.66650060
-0.08707690 -0.00336425 0.99619591 -0.11043367
0.00000000 -0.00000000 -0.00000000 1.00000000
126 126 127
0.98815428 0.12801900 0.08463005 0.68309828
-0.12773204 0.99176950 -0.00881932 0.66798232
-0.08506254 -0.00209512 0.99637341 -0.11072232
0.00000000 -0.00000000 -0.00000000 1.00000000
127 127 128
0.98819253 0.12724442 0.08534861 0.68080139
-0.12688389 0.99187056 -0.00965775 0.66801092
-0.08588367 -0.00128565 0.99630434 -0.11178734
0.00000000 -0.00000000 -0.00000000 1.00000000
